5 - + 2 1 1 1 14 1 dot 1 12 0
8 - + 2 1 1 2 15 1 dot 1 13 0
12 + ++ 3 2 0 2 16 1 dot 1 14 0
12 + -- 3 0 2 4 16 1 dot 1 14 0
13 - + 2 2 2 3 15 1 dot 1 13 0
17 - + 4 1 1 5 16 1 dot 1 14 0
21 + ++ 4 4 1 2 18 1 dot
21 + -- 4 1 4 6 25 2 0
24 + ++ 6 3 0 4 19 1 dot
24 + -- 6 0 3 8 26 2 0
28 + ++ 4 2 2 4 20 1 dot
28 + -- 4 2 2 10 26 2 0
29 - + 6 3 3 5 28 2 0 2 23 1
33 + ++ 4 3 0 8 21 1 dot
33 + -- 4 0 3 12 28 2 0
37 - + 2 4 4 7 29 2 0 2 24 1
40 - ++ 6 2 2 12 32 2 0
40 - -- 6 2 2 8 28 2 0
41 - + 8 1 1 11 30 2 0 2 25 1
44 + ++ 10 2 2 6 32 2 0
44 + -- 10 2 2 12 38 3 0
53 - + 6 5 5 7 40 3 0 3 32 2
56 + ++ 12 2 2 4 34 2 0
56 + -- 12 2 2 16 46 4 2
57 + ++ 4 4 1 14 34 2 0
57 + -- 4 1 4 18 41 3 0
60 + +++ 8 6 0 4 30 1 unk
60 + --+ 8 0 6 24 56 5 4
60 + -+- 8 6 0 12 38 3 0
60 + +-- 8 0 6 8 40 3 0
61 - + 6 4 4 11 41 3 0 3 33 2
65 - ++ 8 2 2 18 44 3 0
65 - -- 8 2 2 14 40 3 0
69 + ++ 8 9 0 4 35 2 2
69 + -- 8 0 9 16 56 5 4
73 - + 4 2 2 21 43 3 0 3 35 2
76 + ++ 10 2 2 14 44 3 0
76 + -- 10 2 2 20 50 4 2
77 + ++ 8 6 6 2 44 3 0
77 + -- 8 6 6 14 56 5 4
85 - ++ 4 6 6 18 56 4 0
85 - ++ 4 6 6 10 48 4 2
88 + ++ 6 4 4 12 46 3 0
88 + -- 6 4 4 24 58 5 4
89 - + 12 1 1 21 52 4 2 4 41 3
92 + ++ 12 4 4 4 46 3 0
92 + -- 12 4 4 22 64 6 8
93 + ++ 4 12 3 6 46 3 0
93 + -- 4 3 12 18 67 6 6
97 - + 4 2 2 27 53 4 2 4 42 3
101 - + 14 5 5 11 60 5 4 5 46 4
104 - ++ 18 2 2 20 64 5 4
104 - -- 18 2 2 12 56 5 6
105 + +++ 8 6 0 12 46 2 0
105 + --+ 8 0 6 16 56 4 0
105 + -+- 8 0 6 44 84 8 12
105 + +-- 8 6 0 32 66 6 8
109 - + 6 6 6 17 61 5 4 5 47 4
113 - + 8 3 3 23 60 5 6 5 46 4
120 + +++ 12 8 2 8 56 3 0
120 + --+ 12 2 8 40 94 9 14
120 + -+- 12 8 2 24 72 7 12
120 + +-- 12 2 8 8 62 5 4
124 + ++ 12 2 2 16 56 4 2
124 + -- 12 2 2 34 74 7 12
129 + ++ 12 4 1 30 74 6 8
129 + -- 12 1 4 34 81 7 8
133 + ++ 4 8 8 12 64 5 4
133 + -- 4 8 8 24 76 7 10
136 + ++ 12 2 2 32 74 6 8
136 + -- 12 2 2 20 62 6 12
137 - + 8 3 3 27 68 6 10 6 51 5
140 + +++ 20 4 4 4 64 4 0
140 + --+ 20 4 4 8 68 6 8
140 + -+- 20 4 4 40 100 10 20
140 + +-- 20 4 4 20 80 8 16
141 + ++ 8 15 0 8 57 4 2
141 + -- 8 0 15 28 92 9 16
145 - ++ 8 2 2 40 82 7 10
145 - -- 8 2 2 36 78 7 12
149 - + 14 7 7 15 78 7 10 7 58 6
156 + +++ 16 8 2 16 76 5 4
156 + --+ 16 2 8 48 114 11 20
156 + -+- 16 8 2 28 88 9 20
156 + +-- 16 2 8 12 78 7 10
157 - + 6 8 8 19 77 7 12 7 57 6
161 + ++ 16 2 2 14 68 5 4
161 + -- 16 2 2 50 104 11 28
165 + +++ 8 16 4 4 68 4 0
165 + --+ 8 4 16 8 84 8 14
165 + -+- 8 4 16 44 120 12 24
165 + +-- 8 16 4 16 80 8 16
168 + +++ 12 12 0 8 64 4 4
168 + --+ 12 0 12 16 84 8 16
168 + -+- 12 12 0 24 80 8 18
168 + +-- 12 0 12 48 116 12 28
172 + ++ 10 6 6 26 88 8 16
172 + -- 10 6 6 32 94 9 18
173 - + 14 9 9 13 86 8 14 8 63 7
177 + ++ 4 9 0 32 79 7 16
177 + -- 4 0 9 44 100 10 24
181 - + 10 6 6 25 85 8 16 8 62 7
184 + ++ 12 4 4 16 76 6 8
184 + -- 12 4 4 52 112 12 32
185 - ++ 16 2 2 38 96 9 20
185 - -- 16 2 2 30 88 9 24
188 + ++ 20 4 4 4 70 6 12
188 + -- 20 4 4 34 100 11 32
193 - + 4 4 4 47 103 10 24 8 72 11
197 - + 10 11 11 15 94 9 18 9 68 8
201 + ++ 12 4 1 42 102 10 28
201 + -- 12 1 4 46 109 11 28
204 + +++ 20 12 0 28 104 8 12
204 + --+ 20 0 12 56 144 14 28
204 + -+- 20 12 0 20 96 10 26
204 + +-- 20 0 12 24 112 12 32
205 + ++ 8 10 10 32 110 10 18
205 + -- 8 10 10 20 98 10 24
209 + ++ 20 2 2 32 102 10 26
209 + -- 20 2 2 44 114 12 34
213 + ++ 8 21 0 4 71 6 12
213 + -- 8 0 21 32 120 13 36
217 + ++ 8 4 4 32 100 9 20
217 + -- 8 4 4 68 136 15 46
220 + +++ 16 4 4 16 88 7 12
220 + --+ 16 4 4 32 104 11 32
220 + -+- 16 4 4 64 136 15 44
220 + +-- 16 4 4 32 104 11 32
221 + ++ 16 8 8 28 108 10 20
221 + -- 16 8 8 12 92 10 28
229 - + 10 6 6 29 97 10 28 10 68 9
232 - ++ 6 6 6 40 108 11 32
232 - -- 6 6 6 32 100 11 36
233 - + 12 5 5 39 114 12 36 10 77 13
236 + ++ 30 2 2 18 100 10 28
236 + -- 30 2 2 36 118 13 40
237 + ++ 12 20 5 10 98 9 20
237 + -- 12 5 20 30 133 14 36
241 - + 12 2 2 59 133 14 42 10 88 17
248 + ++ 24 6 6 4 94 9 24
248 + -- 24 6 6 40 130 15 50
249 + ++ 12 9 0 48 127 13 40
249 + -- 12 0 9 60 148 16 48
253 + ++ 4 12 12 10 98 9 20
253 + -- 4 12 12 46 134 15 46
257 - + 16 3 3 39 116 13 46 11 76 14
264 + +++ 24 8 2 32 124 11 28
264 + --+ 24 2 8 16 114 13 44
264 + -+- 24 8 2 32 124 15 56
264 + +-- 24 2 8 64 162 17 46
265 - ++ 8 2 2 62 136 15 52
265 - -- 8 2 2 58 132 15 54
268 + ++ 10 6 6 38 120 13 44
268 + -- 10 6 6 44 126 14 46
269 - + 22 7 7 21 112 12 36 12 77 11
273 + +++ 8 8 2 28 108 10 32
273 + --+ 8 2 8 84 170 20 72
273 + -+- 8 2 8 24 110 12 42
273 + +-- 8 8 2 64 144 18 72
277 - + 6 14 14 29 133 14 40 12 90 15
280 + +++ 12 4 4 24 104 10 32
280 + --+ 12 4 4 40 120 14 52
280 + -+- 12 4 4 72 152 18 64
280 + +-- 12 4 4 40 120 14 52
281 - + 20 3 3 49 142 16 56 12 91 19
284 + ++ 28 4 4 12 110 11 32
284 + -- 28 4 4 54 152 18 64
285 + +++ 16 24 0 4 100 8 16
285 + --+ 16 0 24 20 140 16 52
285 + -+- 16 0 24 60 180 20 60
285 + +-- 16 24 0 12 108 12 38
293 - + 18 11 11 17 120 13 40 13 82 12
296 - ++ 30 6 6 40 152 16 48
296 - -- 30 6 6 28 140 16 54
301 + ++ 8 8 8 30 118 13 46
301 + -- 8 8 8 42 130 15 52
305 + ++ 16 4 4 56 152 17 60
305 + -- 16 4 4 44 140 17 68
309 + ++ 12 20 5 22 126 13 40
309 + -- 12 5 20 42 161 18 56
312 + +++ 12 18 0 8 102 9 28
312 + --+ 12 0 18 80 192 23 84
312 + -+- 12 18 0 40 134 17 70
312 + +-- 12 0 18 16 128 15 56
313 - + 8 4 4 65 161 19 74 13 99 24
316 + ++ 20 6 6 36 148 16 54
316 + -- 20 6 6 66 178 21 76
317 - + 10 13 13 21 126 14 46 14 85 13
321 + ++ 20 9 0 56 167 19 72
321 + -- 20 0 9 68 188 22 80
328 - ++ 12 6 6 56 154 17 60
328 - -- 12 6 6 32 130 17 76
329 + ++ 24 4 4 24 140 15 52
329 + -- 24 4 4 84 200 25 100
332 + ++ 30 6 6 18 132 15 56
332 + -- 30 6 6 36 150 18 68
337 - + 8 6 6 71 185 22 86 14 112 29
341 + ++ 28 8 8 6 122 13 42
341 + -- 28 8 8 42 158 19 70
344 + ++ 30 4 4 32 146 17 66
344 + -- 30 4 4 44 158 19 72
345 + +++ 8 8 2 28 132 14 56
345 + --+ 8 2 8 28 138 16 64
345 + -+- 8 2 8 108 218 28 118
345 + +-- 8 8 2 92 196 26 116
348 + +++ 24 18 0 12 130 13 46
348 + --+ 24 0 18 72 208 25 92
348 + -+- 24 18 0 36 154 19 76
348 + +-- 24 0 18 24 160 19 72
349 - + 14 8 8 37 143 17 66 15 91 18
353 - + 16 3 3 47 148 19 86 15 88 22
357 + +++ 8 30 0 4 110 10 30
357 + --+ 8 0 30 68 204 24 84
357 + -+- 8 0 30 24 160 20 80
357 + +-- 8 30 0 8 114 14 56
364 + +++ 20 4 4 48 164 18 68
364 + --+ 20 4 4 84 200 24 92
364 + -+- 20 4 4 40 156 20 88
364 + +-- 20 4 4 52 168 22 96
365 - ++ 20 14 14 38 172 18 52
365 - -- 20 14 14 14 148 18 68
373 - + 10 16 16 37 175 20 70 16 112 23
376 + ++ 24 4 4 24 148 17 68
376 + -- 24 4 4 84 208 27 116
377 + ++ 16 4 4 56 168 21 92
377 + -- 16 4 4 44 156 21 100
380 + +++ 32 8 8 8 148 15 48
380 + --+ 32 8 8 40 180 23 96
380 + -+- 32 8 8 80 220 27 104
380 + +-- 32 8 8 16 156 19 76
381 + ++ 20 20 5 22 150 17 64
381 + -- 20 5 20 42 185 22 80
385 + +++ 8 4 4 48 172 20 84
385 + --+ 8 4 4 92 216 28 124
385 + -+- 8 4 4 68 192 24 104
385 + +-- 8 4 4 120 244 32 140
389 - + 22 11 11 31 162 19 70 17 104 20
393 + ++ 12 15 0 56 185 23 102
393 + -- 12 0 15 76 220 28 120
397 - + 6 12 12 35 153 19 80 17 95 20
401 - + 20 3 3 65 194 25 112 17 112 32
408 + +++ 12 16 4 40 164 18 72
408 + --+ 12 4 16 80 216 26 100
408 + -+- 12 16 4 32 156 22 108
408 + +-- 12 4 16 24 160 22 106
409 - + 16 2 2 87 225 29 130 17 127 40
412 + ++ 20 6 6 36 168 21 94
412 + -- 20 6 6 66 198 26 116
413 + ++ 20 16 16 4 152 17 60
413 + -- 20 16 16 40 188 23 88
417 + ++ 12 12 3 62 202 26 120
417 + -- 12 3 12 74 223 29 130
421 - + 10 10 10 47 175 22 94 18 106 25
424 - ++ 18 6 6 68 208 26 112
424 - -- 18 6 6 60 200 26 116
428 + ++ 30 10 10 26 180 22 92
428 + -- 30 10 10 44 198 25 104
429 + +++ 16 30 0 8 146 14 44
429 + --+ 16 0 30 96 264 32 120
429 + -+- 16 0 30 20 188 24 100
429 + +-- 16 30 0 28 166 22 98
433 - + 12 4 4 81 225 30 142 18 124 41
437 + ++ 20 14 14 2 144 17 68
437 + -- 20 14 14 38 180 23 96
440 + +++ 36 4 4 8 148 17 72
440 + --+ 36 4 4 40 180 25 120
440 + -+- 36 4 4 80 220 29 128
440 + +-- 36 4 4 16 156 21 100
444 + +++ 32 8 2 32 180 21 92
444 + --+ 32 2 8 88 242 31 132
444 + -+- 32 8 2 60 208 29 140
444 + +-- 32 2 8 20 174 23 106
445 - ++ 8 14 14 56 202 24 94
445 - -- 8 14 14 36 182 24 108
449 - + 20 3 3 71 216 29 138 19 120 38
453 + ++ 12 28 7 14 158 19 80
453 + -- 12 7 28 42 207 26 106
456 + +++ 24 18 0 48 202 23 94
456 + --+ 24 0 18 40 212 29 136
456 + -+- 24 18 0 40 194 27 132
456 + +-- 24 0 18 96 268 33 132
457 - + 8 6 6 89 247 33 156 19 135 46
460 + +++ 20 4 4 20 160 20 96
460 + --+ 20 4 4 24 164 22 108
460 + -+- 20 4 4 104 244 34 164
460 + +-- 20 4 4 84 224 32 160
461 - + 30 9 9 29 174 22 94 20 107 23
465 + +++ 16 12 0 36 192 24 116
465 + --+ 16 0 12 44 212 28 132
465 + -+- 16 0 12 124 292 40 188
465 + +-- 16 12 0 100 256 36 178
469 + ++ 16 12 12 42 198 25 110
469 + -- 16 12 12 54 210 27 116
472 + ++ 18 8 8 36 190 25 120
472 + -- 18 8 8 72 226 31 148
473 + ++ 12 6 6 56 202 28 142
473 + -- 12 6 6 68 214 30 150
476 + +++ 40 4 4 8 168 18 68
476 + --+ 40 4 4 116 276 36 156
476 + -+- 40 4 4 32 192 28 144
476 + +-- 40 4 4 20 180 26 132
481 - ++ 16 4 4 106 282 37 172
481 - -- 16 4 4 90 266 37 182
485 - ++ 20 14 14 46 204 24 92
485 - -- 20 14 14 18 176 24 112
488 - ++ 30 6 6 44 192 25 116
488 - -- 30 6 6 24 172 25 130
489 + ++ 20 4 1 82 246 34 172
489 + -- 20 1 4 86 253 35 172
492 + +++ 20 24 0 44 204 24 104
492 + --+ 20 0 24 88 272 34 140
492 + -+- 20 24 0 20 180 26 134
492 + +-- 20 0 24 40 224 32 160
493 - ++ 12 14 14 50 208 26 112
493 - -- 12 14 14 30 188 26 126
497 + ++ 24 6 6 18 188 25 124
497 + -- 24 6 6 102 272 39 196
